3
5
7
11
13
17
23
25
29
37
41
43
47
53
61
67
71
77
83
89
91
97
107
115
119
121
127
131
143
149
157
161
173
175
179
181
193
209
211
221
223
227
233
235
239
247
257
265
277
283
287
301
307
313
329
331
337
341
353
359
361
377
383
389
397
407
415
419
421
431
433
437
445
463
467
475
481
493
497
503
509
517
527
535
541
553
565
577
581
593
595
607
613
617
625
643
647
653
659
667
673
685
691
697
703
707
727
733
749
751
757
775
787
791
797
803
805
811
835
839
841
851
853
857
863
865
881
893
913
929
931
937
941
943
959
961
967
973
991
997
